35959
29888
14911
2046
29902
8868
11002
47992
59103
62121
29879
28849
65117
42574
59734
4643
20177
56759
45615
16393
32858
64273
57996
45453
28692
33393
19705
5871
46789
36957
64410
48340
39570
52744
11732
30794
46157
37316
488
4754
33918
16494
26312
25027
63515
12724
48381
63965
26289
14766
50120
20306
60574
65074
23884
51901
35114
39435
6300
39783
2808
64545
48719
40420
23298
26755
47846
58274
63461
34285
52566
59866
40498
14272
58948
22640
61500
62113
27061
54785
1276
19867
49124
41970
50269
56017
15927
62977
56295
9626
19968
25359
29480
26827
26369
4751
136
49975
65320
413
11859
33276
12889
40626
29330
27843
19529
10477
13130
49032
60906
31445
16879
54318
38861
54837
27860
7292
32124
45406
31178
26390
43862
40105
17213
63498
27463
60061
60890
31710
7391
36143
22971
35536
15685
28738
31832
21934
29518
48132
14658
13833
7734
47785
27743
34211
6598
25285
4625
9255
21566
44214
3508
900
4146
11177
52897
35396
37435
54541
42025
29905
52972
18666
43965
31324
60499
17881
63000
32001
629
39322
27375
40516
6990
54899
35508
40497
39826
17262
64910
25542
50617
60578
49695
9642
12115
55104
14359
6760
47334
15673
30356
56322
51672
19521
46739
17336
22351
20052
49920
46262
9678
56360
40003
57131
1259
59257
57569
34174
45566
4316
16844
51930
1393
1624
52312
57794
60780
8791
13974
27326
5033
24823
33444
37608
27096
6603
13099
43059
62527
63611
15499
51826
13218
3400
48052
980
27057
49644
64356
5905
30062
11616
15084
58374
14937
62605
7352
23081
60658
19603
20263
33471
27818
8124
28100
30580
11742
65155
56383
56678
30991
50280
25920
15544
48834
27437
13969
53707
62495
53389
48951
3010
54115
30895
25673
9117
7938
1366
46050
9493
50914
64600
951
32224
57146
703
26560
3587
32670
14859
56945
42054
55867
28130
106
28955
38347
5932
37470
61541
54388
26959
65234
1069
27912
3241
784
59193
65211
24840
7416
29507
28812
4556
30458
11113
36928
65047
62010
3149
18589
28653
23908
20788
58998
61384
3794
60272
12146
44346
47922
8463
26524
6904
5154
46118
33467
33557
9696
42569
36807
43551
36056
30636
20062
8917
1341
65346
58277
27363
60710
17757
54325
57825
36308
17681
65368
57449
12411
1534
977
50288
34570
2212
39702
29638
65408
44839
27798
17511
31069
54181
10877
13852
9814
36916
29614
8221
21062
54219
44733
47717
26692
30331
32418
62216
58549
22354
28421
42736
27479
43702
21164
55436
60969
2492
36324
49419
35761
21959
8188
24450
29134
61472
56697
24423
58229
44895
36738
41752
19498
64682
59311
25130
47513
29990
45326
29747
56136
45324
56025
2493
55047
36187
54975
7284
30831
45054
61039
18389
63194
25638
16926
27254
18870
19992
57027
28725
41890
34562
1629
25855
41769
10910
20963
33065
22764
15872
43671
14631
51257
39180
21266
38351
44435
26303
58886
46519
24498
11382
38262
30349
41088
41317
18314
60489
21871
1547
55798
42595
57067
62453
47368
24278
13960
41040
42856
48613
59
25794
38493
30423
19894
45285
32631
24350
16672
45292
32518
57615
59163
25314
56819
36763
15484
12308
8371
53168
11202
39976
39793
53344
32317
10946
63576
4719
63083
14377
48991
56722
37179
25905
28295
27310
56457
8963
26885
39428
22192
25692
49947
32741
26495
2053
14859
19715
2810
65445
62330
24283
9089
55007
39036
777
22686
9566
9727
31849
47789
47901
12649
37938
16332
21769
11347
51918
52277
16833
24730
36252
26073
13864
23998
36558
37048
20733
34034
64783
38254
57056
25017
18477
42534
18036
54386
59534
54625
53716
33361
12083
36542
2180
62986
3514
33142
30456
50459
32592
34829
6003
33435
24356
15742
55099
22736
1301
24575
45967
37337
38890
28820
44881
56526
11271
55140
64916
41710
10323
13161
33275
42767
5903
62071
36584
33817
45110
16870
11911
29794
9354
20815
26495
22434
13917
36237
46211
56806
40245
19272
14205
30678
20037
33637
14782
34340
13188
4554
64226
50929
26578
62811
7205
12084
26388
36859
38360
60198
38629
56416
54548
53980
54860
5694
41069
4644
15090
54707
47141
25745
1631
8601
55513
6863
4346
21266
9111
7354
12348
47192
50062
28434
25725
62173
36052
3001
12079
59021
55482
27368
18017
23107
61373
14969
50217
56894
16119
59678
60118
14619
35756
52646
65276
8294
31570
29029
37290
54275
34150
30644
50441
56600
44770
36512
42656
36557
63852
1380
6949
27240
62109
1954
6590
30329
18008
63345
3762
19177
8733
4033
18855
46887
56127
60302
55342
48620
61066
2010
15460
16327
41543
3551
6085
15550
25304
5074
19780
37502
13281
60304
55957
39326
6923
39827
59566
58874
23391
50762
28090
44591
20536
51732
26896
18729
6606
63371
57939
43143
33641
16384
43589
28696
16467
2621
35855
3898
427
31472
29455
11760
61295
61434
45564
34287
46044
58713
26271
25918
50410
7907
8092
13674
44295
7848
51756
25883
17995
29699
17030
31506
45673
52768
3350
16080
8728
28047
1804
11609
34918
15995
44073
40201
13893
44932
46259
21413
10245
4961
47842
2750
59031
52353
41336
43391
8392
42298
6118
25951
12755
64459
45345
42553
21233
62180
5111
27362
8453
48350
15400
2907
56955
42072
7449
61904
41022
26632
10231
11625
39789
19535
53705
24170
35973
21207
45175
17391
45125
62051
47709
21875
50920
32368
41280
3805
58270
62019
51446
33369
26851
48392
33498
2190
5715
26619
43693
33707
51855
56089
36579
11556
60352
46182
59084
46626
59201
40974
5133
6396
1512
8252
49988
41902
53662
27010
20801
57699
25498
18280
59324
20812
21569
47944
46435
37864
24284
49553
49881
33681
36984
24021
57209
47572
33339
28661
51113
22323
26810
35795
45371
38584
60365
62477
45895
14328
51408
16093
17482
6681
15599
5536
11557
21979
27113
58044
39061
42402
9762
18983
16023
13643
34043
38315
24738
55912
30342
8895
20615
56530
560
41822
26321
39206
14032
8438
39018
28553
6224
6132
42183
17030
49108
22079
8170
47403
64336
7929
19598
3536
60636
15577
56525
19882
11654
25122
45357
64921
33407
27750
41237
25488
17195
49789
12975
37715
41640
10135
1388
32155
27674
38425
4076
58315
44804
17295
53822
19804
58379
2953
18050
6140
19201
38133
54828
62915
32176
29612
30678
46789
18192
57813
35508
63962
55657
63901
8202
19822
7920
21179
25129
